2024010210,74538.46,75769.23,68692.31,69692.31,1001494
2024010211,69692.31,70692.31,69384.62,70076.92,230073
2024010212,70076.92,71923.08,70000.0,71923.08,159806
2024010213,71923.08,72461.54,71461.54,71846.16,211052
2024010214,71769.23,72000.0,69846.16,70538.46,215826
2024010309,70769.23,72307.7,69307.7,69384.62,366965
2024010310,69384.62,69461.54,67769.23,68692.31,283143
2024010311,68692.31,69153.85,68230.77,68307.7,92485
2024010312,68230.77,68769.23,67923.08,68153.85,110161
2024010313,68076.92,69230.77,67692.31,69076.92,178521
2024010314,69076.92,71230.77,68692.31,69846.16,257937
2024010409,69307.7,71076.92,69000.0,69769.23,241219
2024010410,69692.31,71384.62,68384.62,68461.54,260339
2024010411,68461.54,69000.0,68000.0,68538.46,99546
2024010412,68538.46,68846.16,67769.23,68615.39,87648
2024010413,68538.46,68692.31,67384.62,68000.0,117813
2024010414,68000.0,68461.54,67538.46,67615.39,105239
2024010509,68307.7,71000.0,68000.0,69846.16,357988
2024010510,69846.16,72000.0,69000.0,69384.62,341280
2024010511,69384.62,70461.54,69307.7,70307.7,74870
2024010512,70384.62,70692.31,69846.16,69923.08,58558
2024010513,69923.08,70461.54,69384.62,69461.54,67545
2024010514,69461.54,69692.31,68923.08,68923.08,91124
2024010809,70384.62,70538.46,66076.92,67461.54,0
2024010810,67461.54,69692.31,67153.85,69307.7,139327
2024010811,69307.7,69384.62,67923.08,68000.0,63118
2024010812,68076.92,68461.54,67769.23,68076.92,28940
2024010813,68076.92,68076.92,67000.0,67230.77,84311
2024010814,67230.77,67538.46,66846.16,67076.92,77374
2024010909,67846.16,70692.31,67769.23,69923.08,345234
2024010910,69923.08,71384.62,69692.31,71076.92,276036
2024010911,71076.92,72230.77,70923.08,71923.08,219935
2024010912,71923.08,72307.7,70384.62,70461.54,158171
2024010913,70384.62,71461.54,70153.85,71307.7,104342
2024010914,71307.7,71384.62,70538.46,71153.85,71804
2024011009,70923.08,71000.0,68923.08,70769.23,245323
2024011010,70769.23,71615.39,70307.7,71384.62,111728
2024011011,71461.54,72461.54,71307.7,71923.08,170849
2024011012,71846.16,72692.31,71692.31,72461.54,107520
2024011013,72538.46,73923.08,72230.77,73538.46,240950
2024011014,73461.54,75461.54,73384.62,74615.39,338117
2024011109,74076.93,75230.77,72153.85,72230.77,292618
2024011110,72230.77,74000.0,71461.54,74000.0,177255
2024011111,73923.08,74692.31,73384.62,74000.0,95993
2024011112,74000.0,74307.7,72923.08,73384.62,53948
2024011113,73307.7,74384.62,73230.77,73923.08,52056
2024011114,73923.08,74076.93,73307.7,73307.7,55820
2024011209,71846.16,73230.77,71076.92,72461.54,205290
2024011210,72384.62,73307.7,72076.92,72769.23,122983
2024011211,72692.31,73000.0,72076.92,72923.08,55933
2024011212,72923.08,73000.0,72384.62,72846.16,52669
2024011213,72846.16,72846.16,71538.46,72076.92,96768
2024011214,72076.92,72769.23,72000.0,72538.46,69345
2024011509,71923.08,72000.0,69461.54,69538.46,0
2024011510,69538.46,70000.0,67846.16,67846.16,242479
2024011511,67923.08,68461.54,67307.7,68230.77,153112
2024011512,68230.77,68769.23,66923.08,67076.92,146490
2024011513,67000.0,69538.46,66923.08,69538.46,134050
2024011514,69538.46,69692.31,68307.7,68692.31,115636
2024011609,67769.23,71153.85,67692.31,68307.7,276806
2024011610,68307.7,69615.39,67692.31,68923.08,91978
2024011611,68923.08,69461.54,68307.7,69076.92,46495
2024011612,69000.0,71307.7,69000.0,70846.16,140473
2024011613,70923.08,71923.08,70307.7,70615.39,186516
2024011614,70538.46,70615.39,69769.23,69846.16,75523
2024011709,70307.7,71384.62,69000.0,69461.54,238231
2024011710,69461.54,69846.16,68769.23,69230.77,77785
2024011711,69230.77,69230.77,67846.16,68076.92,101528
2024011712,68076.92,68384.62,67692.31,67769.23,66130
2024011713,67692.31,69153.85,67384.62,69153.85,99735
2024011714,68923.08,69153.85,67615.39,67769.23,56526
2024011809,68000.0,70615.39,67153.85,70000.0,267174
2024011810,70000.0,70769.23,69769.23,69769.23,149940
2024011811,69846.16,70461.54,69000.0,69307.7,71390
2024011812,69307.7,69461.54,68769.23,69153.85,47170
2024011813,69153.85,69538.46,67538.46,67923.08,103780
2024011814,68000.0,68230.77,67000.0,67153.85,125034
2024011909,64307.7,64615.39,59538.46,60307.7,734760
2024011910,60307.7,61076.93,60000.0,61000.0,210380
2024011911,60923.08,61230.77,59846.16,60076.93,142910
2024011912,60000.0,60153.85,59461.54,59769.23,164115
2024011913,59692.31,60000.0,58769.23,58923.08,298527
2024011914,58923.08,59153.85,55846.16,56307.7,557575
2024012209,57461.54,59615.39,57153.85,58923.08,0
2024012210,58846.16,59923.08,58846.16,59384.62,153602
2024012211,59384.62,59692.31,59076.93,59307.7,58848
2024012212,59307.7,59538.46,58923.08,59230.77,46268
2024012213,59230.77,59307.7,58461.54,59000.0,78286
2024012214,59000.0,59076.93,58307.7,58615.39,97050
2024012309,59384.62,61769.23,58000.0,61307.7,403577
2024012310,61307.7,61384.62,59615.39,59692.31,98559
2024012311,59615.39,60000.0,58846.16,58923.08,84043
2024012312,58923.08,59000.0,58076.93,58307.7,100469
2024012313,58307.7,58692.31,57846.16,58461.54,88034
2024012314,58461.54,58923.08,58307.7,58461.54,56648
2024012409,58000.0,58461.54,56153.85,57076.93,281672
2024012410,57076.93,58461.54,56923.08,57307.7,120926
2024012411,57384.62,57538.46,56769.23,57153.85,43678
2024012412,57230.77,57461.54,56769.23,56923.08,37525
2024012413,57000.0,57076.93,56153.85,56307.7,84777
2024012414,56307.7,56923.08,55692.31,55769.23,151321
2024012509,56076.93,56769.23,55230.77,55461.54,155333
2024012510,55461.54,56384.62,55461.54,55846.16,71219
2024012511,55769.23,56153.85,55615.39,55846.16,34230
2024012512,55923.08,56076.93,55692.31,56000.0,23764
2024012513,56076.93,57692.31,55923.08,56846.16,124886
2024012514,56769.23,56846.16,56307.7,56538.46,49320
2024012609,57307.7,60461.54,56461.54,60384.62,369444
2024012610,60307.7,60692.31,59230.77,59692.31,126480
2024012611,59692.31,59846.16,59230.77,59384.62,46086
2024012612,59384.62,59769.23,59307.7,59615.39,44586
2024012613,59615.39,60000.0,58692.31,58846.16,83996
2024012614,58846.16,59538.46,58769.23,59307.7,71637
2024012909,60000.0,61538.46,59307.7,60153.85,0
2024012910,60153.85,60230.77,58769.23,59384.62,111723
2024012911,59384.62,59461.54,58076.93,58384.62,89121
2024012912,58384.62,58615.39,58076.93,58153.85,41298
2024012913,58153.85,58230.77,56692.31,56846.16,140363
2024012914,56846.16,57307.7,56230.77,56846.16,122687
2024013009,58384.62,61769.23,58000.0,59538.46,459284
2024013010,59461.54,60000.0,58846.16,59846.16,80478
2024013011,59846.16,60615.39,59230.77,59538.46,81660
2024013012,59538.46,61461.54,59153.85,60230.77,144525
2024013013,60230.77,61384.62,60153.85,61307.7,105321
2024013014,61230.77,62923.08,61153.85,62076.93,343718
2024013109,63230.77,63307.7,60384.62,60461.54,323304
2024013110,60461.54,60461.54,59000.0,59538.46,203337
2024013111,59538.46,60000.0,59000.0,59307.7,64585
2024013112,59307.7,60307.7,59307.7,59846.16,54942
2024013113,59846.16,60615.39,59461.54,60384.62,65135
2024013114,60307.7,60846.16,59384.62,59923.08,86544
2024020109,58846.16,61153.85,56000.0,56076.93,400154
2024020110,56076.93,56692.31,55307.7,56461.54,258834
2024020111,56461.54,56461.54,55538.46,56384.62,90963
2024020112,56384.62,56923.08,55538.46,55615.39,116921
2024020113,55692.31,55769.23,54307.7,54846.16,240600
2024020114,54846.16,55384.62,54230.77,55230.77,156718
2024020209,57000.0,58230.77,56384.62,57769.23,354015
2024020210,57692.31,57769.23,57000.0,57230.77,70751
2024020211,57307.7,58384.62,57153.85,58384.62,80551
2024020212,58384.62,58846.16,57538.46,58538.46,61971
2024020213,58461.54,58615.39,57692.31,58384.62,56303
2024020214,58384.62,58615.39,58000.0,58615.39,61390
2024020509,60769.23,60769.23,57538.46,58923.08,0
2024020510,58923.08,59692.31,58153.85,58384.62,81705
2024020511,58384.62,60769.23,57923.08,59769.23,120274
2024020512,59769.23,60384.62,59461.54,59538.46,44627
2024020513,59461.54,59692.31,59076.93,59230.77,47026
2024020514,59153.85,59307.7,58307.7,58461.54,70552
2024020609,57461.54,58384.62,56461.54,57461.54,165803
2024020610,57384.62,58846.16,57384.62,58846.16,86079
2024020611,58769.23,59692.31,58076.93,59153.85,67506
2024020612,59153.85,59769.23,58769.23,59000.0,43842
2024020613,58923.08,59384.62,58615.39,58846.16,37343
2024020614,58923.08,59615.39,58692.31,59307.7,45579
2024020709,59692.31,60230.77,58461.54,59615.39,138863
2024020710,59615.39,60307.7,59230.77,60230.77,77209
2024020711,60153.85,60769.23,59769.23,60076.93,58773
2024020712,60076.93,60153.85,59153.85,59307.7,58729
2024020713,59384.62,59538.46,58692.31,59230.77,58597
2024020714,59230.77,59307.7,58846.16,59153.85,64908
2024020809,58846.16,59153.85,57153.85,57307.7,202375
2024020810,57307.7,58000.0,57153.85,57846.16,51990
2024020811,57846.16,58846.16,57692.31,58769.23,51060
2024020812,58769.23,58923.08,58538.46,58538.46,30998
2024020813,58615.39,58769.23,57923.08,58615.39,67949
2024020814,58615.39,59923.08,58538.46,59307.7,110344
2024021309,59307.7,59538.46,57923.08,59000.0,0
2024021310,58923.08,59461.54,58923.08,59307.7,67317
2024021311,59307.7,60384.62,59153.85,60000.0,96547
2024021312,60000.0,61384.62,60000.0,61384.62,114043
2024021313,61384.62,66153.85,61307.7,65846.16,744527
2024021314,65846.16,67923.08,65384.62,67461.54,433953
2024021409,65000.0,69384.62,63153.85,65923.08,819768
2024021410,66000.0,67461.54,65384.62,66230.77,202431
2024021411,66384.62,67076.92,65923.08,67000.0,84409
2024021412,67000.0,67384.62,65923.08,67153.85,77893
2024021413,67153.85,67230.77,66461.54,66923.08,64364
2024021414,66846.16,67153.85,66384.62,66769.23,112180
2024021509,67153.85,67384.62,64692.31,66923.08,319856
2024021510,66923.08,68615.39,66538.46,67923.08,239980
2024021511,68153.85,70076.92,68000.0,69384.62,299005
2024021512,69384.62,69538.46,67769.23,68000.0,106703
2024021513,68000.0,68538.46,67615.39,67846.16,75078
2024021514,67923.08,68076.92,66615.39,66846.16,131956
2024021609,67769.23,69769.23,67230.77,68153.85,304317
2024021610,68076.92,69461.54,67846.16,68846.16,122401
2024021611,68846.16,69153.85,68461.54,69000.0,41150
2024021612,69000.0,70076.92,68153.85,68769.23,197789
2024021613,68769.23,71461.54,68692.31,70923.08,229437
2024021614,70923.08,71923.08,69461.54,69538.46,298952
2024021909,70615.39,70615.39,68307.7,69692.31,0
2024021910,69769.23,69846.16,68846.16,69153.85,74979
2024021911,69153.85,70076.92,69000.0,69615.39,71128
2024021912,69692.31,69923.08,68692.31,68923.08,61857
2024021913,68923.08,69615.39,68307.7,69615.39,94957
2024021914,69615.39,69615.39,68923.08,69000.0,63426
2024022009,69230.77,69615.39,67307.7,68538.46,190150
2024022010,68538.46,70000.0,67923.08,69000.0,136242
2024022011,69000.0,69384.62,68692.31,68769.23,44121
2024022012,68769.23,69000.0,68538.46,68846.16,24775
2024022013,68846.16,69000.0,67923.08,68307.7,53226
2024022014,68307.7,68384.62,66461.54,66846.16,145530
2024022109,66153.85,67307.7,65461.54,65846.16,214116
2024022110,65769.23,66692.31,64923.08,66692.31,171465
2024022111,66615.39,66846.16,66153.85,66307.7,41722
2024022112,66230.77,66461.54,65923.08,66230.77,21910
2024022113,66230.77,67538.46,66076.92,67538.46,88409
2024022114,67538.46,75384.62,67384.62,72076.92,1258076
2024022209,71230.77,76000.0,71230.77,74461.54,779483
2024022210,74461.54,75307.7,73769.23,74461.54,175862
2024022211,74538.46,75615.39,74461.54,75153.85,171400
2024022212,75153.85,75538.46,74461.54,74615.39,126883
2024022213,74692.31,75692.31,73846.16,74538.46,166959
2024022214,74538.46,77846.16,65384.62,75230.77,3340920
2024022309,92153.85,105000.0,91538.47,102615.39,5255122
2024022310,102615.39,104846.16,101538.47,104461.54,647160
2024022311,104461.54,104615.39,100076.93,101538.47,664996
2024022312,101461.54,102307.7,97769.23,99000.0,570042
2024022313,98923.08,101000.0,96538.47,96769.23,617827
2024022314,96923.08,100769.23,94846.16,99461.54,974920
2024022609,110000.01,114692.31,105153.85,114153.85,0
2024022610,114076.93,115384.62,111153.85,111538.47,978894
2024022611,111538.47,114461.54,111153.85,114000.01,366396
2024022612,114000.01,117384.62,113230.77,116230.77,746655
2024022613,116230.77,120076.93,113692.31,120000.01,910872
2024022614,120000.01,124384.62,117923.08,120846.16,1454225
2024022709,123230.77,125692.31,117230.77,121615.39,1530470
2024022710,121538.47,129230.77,120461.54,123769.23,1190747
2024022711,123769.23,124461.55,121153.85,122076.93,364100
2024022712,122153.85,123846.16,120615.39,122692.31,213021
2024022713,122769.23,123692.31,120384.62,121461.54,243255
2024022714,121384.62,122615.39,120461.54,120769.23,215992
2024022809,117923.08,120307.7,116153.85,116923.08,601167
2024022810,117538.47,118769.23,115615.39,118230.77,272554
2024022811,118230.77,120692.31,117692.31,119923.08,185134
2024022812,119923.08,122307.7,118846.16,121538.47,245893
2024022813,121538.47,124769.23,120923.08,122461.54,370393
2024022814,122461.54,124769.23,122153.85,123000.01,220449
2024022909,130000.01,135000.0,127923.08,133615.39,1068128
2024022910,133615.39,133846.16,128692.31,129076.93,354590
2024022911,129076.93,131923.08,129076.93,130923.08,93607
2024022912,131000.01,131230.78,126307.7,128461.55,219851
2024022913,128461.55,129461.55,125076.93,126692.31,195385
2024022914,126615.39,126923.08,123230.77,124307.7,238087
2024030409,121923.08,129538.47,121769.23,129307.7,0
2024030410,129307.7,130538.47,126615.39,127230.77,284665
2024030411,127230.77,128230.77,123769.23,124461.55,174919
2024030412,124461.55,126384.62,123076.93,123615.39,144303
2024030413,123615.39,126846.16,123538.47,126846.16,104480
2024030414,126846.16,127000.01,125076.93,126307.7,101413
2024030509,134461.55,139384.62,128615.39,135307.7,988491
2024030510,135230.78,136153.84,132769.23,135538.47,223738
2024030511,135615.39,139846.16,134923.08,138461.55,358514
2024030512,138461.55,141230.78,137307.7,138769.23,280622
2024030513,138769.23,141000.0,135384.62,140307.7,298358
2024030514,140307.7,147307.7,139846.16,143923.08,746903
2024030609,149153.86,152307.7,145384.62,146846.16,754168
2024030610,146769.23,149230.78,145538.47,148615.39,182002
2024030611,148538.47,151769.23,148384.62,149846.16,169581
2024030612,149846.16,150769.23,148615.39,149230.78,71959
2024030613,149230.78,149923.08,146846.16,148615.39,123706
2024030614,148538.47,149923.08,147461.55,149769.23,93828
2024030709,150846.16,152000.0,147384.62,148692.31,346658
2024030710,148692.31,148692.31,141538.47,143769.23,483918
2024030711,143846.16,145461.55,142153.84,142384.62,124900
2024030712,142384.62,142769.23,139538.47,141384.62,206045
2024030713,141153.84,144384.62,139153.84,144307.7,219863
2024030714,144307.7,144461.55,140538.47,141692.31,132498
2024030809,139846.16,143846.16,135769.23,142076.92,610507
2024030810,142153.84,146076.92,141769.23,143153.84,246757
2024030811,143230.78,144384.62,139000.0,140000.0,148233
2024030812,140000.0,141230.78,138076.92,140769.23,149219
2024030813,140615.39,142769.23,139153.84,142076.92,115331
2024030814,142076.92,143846.16,140769.23,142307.7,123416
2024031109,143846.16,145153.84,139000.0,139769.23,0
2024031110,139769.23,141230.78,139230.78,139615.39,122410
2024031111,139615.39,142307.7,138846.16,141769.23,125014
2024031112,141692.31,142076.92,139230.78,140000.0,65173
2024031113,139923.08,140461.55,138846.16,140153.84,75490
2024031114,140153.84,140846.16,139461.55,139923.08,68742
2024031209,136769.23,143153.84,136307.7,142307.7,424476
2024031210,142384.62,143538.47,140769.23,141153.84,150862
2024031211,141153.84,141769.23,139615.39,141076.92,81373
2024031212,141076.92,143230.78,140230.78,142769.23,82570
2024031213,142769.23,149615.39,142461.55,149076.92,418361
2024031214,149230.78,149538.47,146153.84,147230.78,232878
2024031309,146692.31,148461.55,143923.08,146846.16,276994
2024031310,146769.23,150461.55,146153.84,149230.78,180311
2024031311,149230.78,150769.23,148769.23,149076.92,89683
2024031312,149000.0,156153.86,148538.47,156153.86,279733
2024031313,155769.23,160000.0,149000.0,153846.16,704491
2024031314,154230.78,157307.7,152923.08,155384.62,191700
2024031409,153153.86,158076.92,153076.92,155000.0,255266
2024031410,155000.0,155000.0,151384.62,153769.23,193020
2024031411,153769.23,155769.23,153692.31,155000.0,73064
2024031412,155000.0,158076.92,153846.16,157692.31,97778
2024031413,158076.92,158846.16,154615.39,154615.39,131447
2024031414,154615.39,158846.16,154615.39,158461.55,100271
2024031509,156538.47,158461.55,152769.23,155384.62,343874
2024031510,155384.62,157692.31,154615.39,155769.23,88137
2024031511,155769.23,158461.55,155769.23,158076.92,72631
2024031512,158076.92,158461.55,155384.62,155769.23,63696
2024031513,155384.62,157692.31,154230.78,154615.39,74996
2024031514,154230.78,156538.47,152923.08,156153.86,152304
2024031809,156153.86,172307.7,153461.55,170769.23,77977
2024031810,171153.86,173461.55,167307.7,171538.47,242994
2024031811,171538.47,171538.47,166153.86,166538.47,146247
2024031812,166923.08,167307.7,159615.39,160769.23,319773
2024031813,160769.23,165000.0,156538.47,157307.7,306070
2024031814,157307.7,159615.39,151846.16,155000.0,485514
2024031909,153307.7,159615.39,151923.08,155000.0,407290
2024031910,155000.0,155769.23,150615.39,151307.7,251555
2024031911,151307.7,153076.92,150615.39,151384.62,95810
2024031912,151384.62,153230.78,150769.23,152230.78,81581
2024031913,152153.86,157692.31,151153.86,155769.23,143119
2024031914,155769.23,161538.47,154615.39,160000.0,272264
2024032009,161153.86,161538.47,156153.86,156538.47,206684
2024032010,155769.23,156153.86,153615.39,153846.16,191571
2024032011,153846.16,156153.86,153230.78,154230.78,113724
2024032012,154230.78,156153.86,153846.16,154230.78,53384
2024032013,154615.39,155769.23,153230.78,155000.0,96076
2024032014,154615.39,155384.62,153153.86,153153.86,115884
2024032109,148461.55,155384.62,148307.7,154230.78,456768
2024032110,154230.78,155000.0,150769.23,151692.31,144506
2024032111,151692.31,152230.78,149769.23,150615.39,88103
2024032112,150692.31,151846.16,148615.39,149615.39,90758
2024032113,149538.47,150384.62,146538.47,147461.55,218870
2024032114,147461.55,153384.62,147230.78,152153.86,227709
2024032209,153461.55,160384.62,153000.0,155769.23,563175
2024032210,155769.23,162692.31,154615.39,160384.62,362322
2024032211,160384.62,161538.47,158076.92,160384.62,115273
2024032212,160384.62,163461.55,159615.39,160384.62,265794
2024032213,160769.23,161538.47,157692.31,158846.16,92908
2024032214,158461.55,159230.78,155384.62,157307.7,135086
2024032509,156923.08,158846.16,152076.92,156923.08,0
2024032510,156923.08,159230.78,155769.23,159230.78,101931
2024032511,159230.78,161153.86,158461.55,160384.62,133793
2024032512,160384.62,161538.47,159615.39,160384.62,63919
2024032513,160384.62,166153.86,159615.39,163461.55,245617
2024032514,163846.16,164615.39,161923.08,163076.92,94035
2024032609,162307.7,166538.47,159615.39,164615.39,346647
2024032610,164615.39,169230.78,164230.78,166153.86,245599
2024032611,166153.86,172307.7,165769.23,171538.47,167389
2024032612,171538.47,173461.55,167307.7,168076.92,303336
2024032613,168461.55,168461.55,163076.92,164230.78,279465
2024032614,164615.39,170000.0,164230.78,169230.78,219724
2024032709,157692.31,160769.23,152076.92,156153.86,1815817
2024032710,156153.86,156153.86,147000.0,148384.62,999590
2024032711,148384.62,149230.78,142692.31,149153.86,1109616
2024032712,149153.86,150000.0,146384.62,149538.47,337306
2024032713,149538.47,155000.0,149538.47,150461.55,735556
2024032714,150538.47,152769.23,149000.0,150538.47,351484
2024032809,153230.78,157692.31,150384.62,153538.47,821660
2024032810,153615.39,160000.0,153538.47,159230.78,471504
2024032811,159230.78,162692.31,158461.55,160000.0,442883
2024032812,160000.0,161153.86,157307.7,158846.16,170587
2024032813,158461.55,159615.39,157307.7,158846.16,149921
2024032814,158846.16,160384.62,156923.08,158076.92,163093
2024032909,162307.7,162307.7,155384.62,158846.16,342707
2024032910,158846.16,160384.62,156153.86,156538.47,149345
2024032911,156538.47,156923.08,153538.47,153769.23,249152
2024032912,153769.23,155384.62,153384.62,154230.78,98440
2024032913,154615.39,155000.0,151846.16,152384.62,181887
2024032914,152461.55,154615.39,152000.0,152615.39,167364
2024040109,150000.0,152538.47,144384.62,148461.55,0
2024040110,148538.47,151538.47,147230.78,147230.78,241526
2024040111,147307.7,148384.62,146692.31,147769.23,93400
2024040112,147692.31,149461.55,147461.55,147692.31,57552
2024040113,147692.31,147769.23,145000.0,145538.47,204247
2024040114,145538.47,145615.39,142923.08,142923.08,333301
2024040209,141615.39,143230.78,136153.84,136307.7,837254
2024040210,136307.7,136461.55,130153.85,131000.01,977502
2024040211,131000.01,134230.78,130538.47,133000.0,361310
2024040212,132923.08,134615.39,132384.62,133846.16,193278
2024040213,133846.16,135000.0,131692.31,131692.31,287310
2024040214,131692.31,132923.08,130769.23,131538.47,350185
2024040309,131307.7,132923.08,126230.77,130000.01,695004
2024040310,130000.01,130461.55,125846.16,126000.01,250504
2024040311,125923.08,132307.7,125384.62,132153.84,290039
2024040312,132000.0,132307.7,129615.39,132076.92,241845
2024040313,132000.0,135307.7,131384.62,132384.62,462163
2024040314,132461.55,133538.47,130384.62,130692.31,227017
2024040409,131076.92,132615.39,128769.23,129923.08,417390
2024040410,129846.16,131538.47,128000.01,131461.55,207457
2024040411,131461.55,133307.7,130000.01,132000.0,146687
2024040412,131846.16,132153.84,130000.01,131000.01,78801
2024040413,131000.01,132692.31,130538.47,130846.16,144221
2024040414,130846.16,130846.16,127000.01,127538.47,285355
2024040509,124615.39,128692.31,122384.62,126461.55,504031
2024040510,126461.55,126461.55,123153.85,124538.47,221823
2024040511,124615.39,125153.85,123384.62,123615.39,90174
2024040512,123615.39,123923.08,121769.23,122384.62,217368
2024040513,122384.62,123076.93,120153.85,122076.93,391781
2024040514,122076.93,124307.7,122076.93,124307.7,209620
2024040809,123461.55,129000.01,123000.01,125307.7,0
2024040810,125307.7,126307.7,124230.77,125538.47,105654
2024040811,125615.39,125615.39,123307.7,123692.31,109676
2024040812,123692.31,124461.55,123307.7,124153.85,61425
2024040813,124153.85,124615.39,122538.47,123923.08,129558
2024040814,123923.08,126384.62,123076.93,126384.62,150035
2024040909,124538.47,134307.7,124230.77,133615.39,941112
2024040910,133000.0,133769.23,129846.16,130615.39,263761
2024040911,130615.39,133307.7,130307.7,133000.0,125690
2024040912,133076.92,136461.55,132384.62,136000.0,429951
2024040913,136076.92,136230.78,134538.47,135692.31,179193
2024040914,135692.31,136153.84,133923.08,134538.47,175020
2024041109,131692.31,134615.39,129846.16,133461.55,0
2024041110,133307.7,133846.16,131461.55,132923.08,109015
2024041111,133000.0,133615.39,132000.0,132692.31,54643
2024041112,132692.31,133230.78,131461.55,132000.0,65554
2024041113,132000.0,133769.23,131692.31,133230.78,56330
2024041114,133307.7,137461.55,132307.7,136461.55,215734
2024041209,133923.08,140307.7,131230.78,140000.0,595419
2024041210,140000.0,141461.55,138230.78,140769.23,238819
2024041211,140769.23,140769.23,136153.84,137384.62,180962
2024041212,137384.62,138692.31,135769.23,137000.0,88007
2024041213,137000.0,139769.23,137000.0,137769.23,101177
2024041214,137769.23,138769.23,133384.62,135615.39,193879
2024041509,135307.7,138384.62,134615.39,135307.7,0
2024041510,135230.78,136153.84,132923.08,133461.55,182806
2024041511,133384.62,134230.78,131846.16,132384.62,106919
2024041512,132307.7,133384.62,131692.31,132846.16,62788
2024041513,132846.16,134307.7,132384.62,134307.7,66162
2024041514,134307.7,134384.62,131692.31,132000.0,83046
2024041609,128461.55,134076.92,127461.55,132307.7,355963
2024041610,132307.7,133307.7,130615.39,130615.39,150379
2024041611,130615.39,132307.7,128769.23,132307.7,136982
2024041612,132307.7,132307.7,130923.08,130923.08,55579
2024041613,131000.01,131230.78,128769.23,129000.01,86342
2024041614,128923.08,129615.39,127461.55,129076.93,142335
2024041709,129615.39,130230.77,125923.08,126692.31,244232
2024041710,126615.39,126923.08,123692.31,125230.77,233146
2024041711,125153.85,125461.55,122230.77,123000.01,214720
2024041712,122923.08,124538.47,122615.39,123846.16,65811
2024041713,123846.16,125692.31,123769.23,124769.23,93881
2024041714,124769.23,127230.77,124230.77,124538.47,138235
2024041809,123769.23,135153.84,123769.23,134000.0,562665
2024041810,134076.92,134769.23,132384.62,133153.84,204404
2024041811,133153.84,134000.0,131307.7,133615.39,102019
2024041812,133615.39,133692.31,132384.62,132461.55,54424
2024041813,132461.55,134076.92,132076.92,133923.08,69442
2024041814,133923.08,135461.55,133153.84,134384.62,190728
2024041909,135538.47,136153.84,132307.7,134692.31,275371
2024041910,135000.0,135769.23,128538.47,128615.39,308183
2024041911,128615.39,129615.39,126153.85,127384.62,251877
2024041912,127461.55,130615.39,127153.85,130461.55,175501
2024041913,130384.62,131923.08,130230.77,130615.39,146284
2024041914,130615.39,130846.16,128538.47,129769.23,151242
2024042209,131846.16,137076.92,131153.84,133692.31,0
2024042210,133769.23,135615.39,132384.62,133000.0,131186
2024042211,133076.92,133153.84,129846.16,131076.92,165560
2024042212,131076.92,131615.39,129230.77,129769.23,96253
2024042213,129769.23,130153.85,126230.77,126769.23,162087
2024042214,126769.23,127846.16,125846.16,126769.23,122304
2024042309,128230.77,133923.08,127615.39,131923.08,347820
2024042310,131923.08,132692.31,129923.08,130000.01,108854
2024042311,130000.01,133692.31,129692.31,132692.31,95267
2024042312,132769.23,134615.39,132615.39,133461.55,138450
2024042313,133538.47,135615.39,133461.55,134461.55,182188
2024042314,134461.55,136153.84,134230.78,134846.16,160048
2024042409,133153.84,135923.08,131615.39,135615.39,258571
2024042410,135538.47,135615.39,132615.39,135230.78,123657
2024042411,135230.78,135461.55,134307.7,135153.84,62134
2024042412,135153.84,138461.55,134846.16,138384.62,232881
2024042413,138384.62,141000.0,138384.62,139076.92,315255
2024042414,139153.84,139230.78,136846.16,138076.92,134598
2024042509,136692.31,140692.31,135000.0,136923.08,316758
2024042510,136846.16,138000.0,135846.16,136538.47,61420
2024042511,136538.47,136538.47,134461.55,135615.39,73179
2024042512,135615.39,135692.31,133461.55,133538.47,87606
2024042513,133538.47,136000.0,133384.62,134769.23,48227
2024042514,134769.23,135153.84,133769.23,133769.23,41276
2024042609,138769.23,147384.62,137846.16,146538.47,1203697
2024042610,146615.39,146769.23,138846.16,139538.47,592263
2024042611,139538.47,140076.92,136307.7,137538.47,380048
2024042612,137461.55,138076.92,136153.84,136461.55,142480
2024042613,136461.55,136461.55,134230.78,135769.23,221791
2024042614,135846.16,136230.78,133307.7,133769.23,227530
2024042909,133846.16,139615.39,133846.16,135923.08,0
2024042910,135923.08,137846.16,135461.55,135538.47,96408
2024042911,135615.39,136000.0,131923.08,133000.0,181910
2024042912,133076.92,133923.08,132692.31,133769.23,54233
2024042913,133846.16,134307.7,132923.08,133076.92,61337
2024042914,133000.0,135230.78,132923.08,134692.31,66255
2024043009,135846.16,136692.31,132461.55,133846.16,270931
2024043010,133846.16,137000.0,133384.62,136076.92,188994
2024043011,136000.0,138461.55,136000.0,137230.78,200503
2024043012,137230.78,137692.31,135769.23,137615.39,82266
2024043013,137692.31,137846.16,135384.62,136076.92,78567
2024043014,136153.84,136230.78,135076.92,135692.31,84186
2024050209,135692.31,137538.47,135000.0,135846.16,0
2024050210,135923.08,139692.31,135846.16,138769.23,221344
2024050211,138769.23,139461.55,137538.47,138538.47,113901
2024050212,138538.47,140076.92,138461.55,140000.0,132726
2024050213,139923.08,140076.92,138230.78,138461.55,76407
2024050214,138538.47,139615.39,138230.78,139153.84,78964
2024050309,139846.16,143000.0,138769.23,139846.16,395088
2024050310,139846.16,140692.31,136923.08,137230.78,229422
2024050311,137153.84,138692.31,136615.39,137846.16,77550
2024050312,137846.16,139000.0,137615.39,138923.08,37277
2024050313,138846.16,139076.92,136615.39,137153.84,74891
2024050314,137230.78,137692.31,136769.23,137000.0,61572
2024050709,138307.7,141461.55,137923.08,139538.47,0
2024050710,139615.39,139769.23,136307.7,137076.92,146647
2024050711,137076.92,138615.39,136538.47,138230.78,68462
2024050712,138230.78,138384.62,136846.16,137384.62,46181
2024050713,137384.62,138153.84,136923.08,138000.0,41476
2024050714,137846.16,138000.0,135230.78,135923.08,143958
2024050809,138307.7,139000.0,135923.08,136153.84,218478
2024050810,136153.84,136461.55,133846.16,134076.92,135790
2024050811,134000.0,134384.62,131153.84,132153.84,222096
2024050812,132076.92,132384.62,130307.7,131384.62,121450
2024050813,131384.62,132846.16,130307.7,132769.23,141934
2024050814,132692.31,133846.16,132076.92,133153.84,107611
2024050909,133615.39,134384.62,130615.39,131769.23,221560
2024050910,131769.23,133615.39,131769.23,133230.78,75626
2024050911,133153.84,133692.31,131769.23,132384.62,49890
2024050912,132307.7,133000.0,131769.23,132307.7,27727
2024050913,132307.7,133000.0,132000.0,132692.31,34176
2024050914,132769.23,132846.16,131307.7,131384.62,62399
2024051009,132461.55,133615.39,130461.55,131230.78,156251
2024051010,131230.78,131769.23,130384.62,130692.31,56895
2024051011,130769.23,131307.7,130538.47,130769.23,29053
2024051012,130769.23,131384.62,130384.62,131076.92,45026
2024051013,131076.92,132076.92,130076.93,130692.31,100440
2024051014,130692.31,131461.55,130538.47,130538.47,54693
2024051309,130692.31,130692.31,125307.7,125461.55,0
2024051310,125538.47,125538.47,122615.39,123615.39,342465
2024051311,123615.39,125923.08,123538.47,125538.47,106208
2024051312,125461.55,125538.47,123230.77,123384.62,72936
2024051313,123307.7,124384.62,123307.7,123923.08,62862
2024051314,123923.08,127307.7,123923.08,126307.7,228660
2024051409,127461.55,134000.0,126076.93,133538.47,546019
2024051410,133615.39,133692.31,129230.77,131923.08,197442
2024051411,131923.08,132307.7,130692.31,132076.92,48914
2024051412,132000.0,133692.31,130923.08,133538.47,95299
2024051413,133615.39,135307.7,132923.08,134461.55,261969
2024051414,134461.55,135153.84,133384.62,134230.78,122351
2024051609,138384.62,142076.92,136923.08,142000.0,0
2024051610,142000.0,144307.7,140769.23,141846.16,445014
2024051611,141846.16,141846.16,138692.31,139076.92,154552
2024051612,139153.84,139230.78,137384.62,137692.31,134423
2024051613,137692.31,138846.16,135846.16,138769.23,150383
2024051614,138692.31,139307.7,136923.08,137307.7,98632
2024051709,134538.47,143000.0,132846.16,141307.7,1197383
2024051710,141230.78,145384.62,141230.78,145307.7,823620
2024051711,145307.7,145384.62,140615.39,143538.47,309304
2024051712,143538.47,144384.62,142230.78,144230.78,124988
2024051713,144230.78,146153.84,143000.0,145538.47,350958
2024051714,145692.31,146076.92,144461.55,146076.92,196937
2024052009,145692.31,148384.62,144307.7,147615.39,0
2024052010,147615.39,148692.31,146923.08,147000.0,194822
2024052011,147076.92,149384.62,146692.31,148307.7,124228
2024052012,148230.78,148615.39,145692.31,147076.92,117492
2024052013,147000.0,147076.92,145615.39,146307.7,82503
2024052014,146384.62,147230.78,146153.84,146692.31,85435
2024052109,148000.0,148000.0,144076.92,146153.84,247658
2024052110,146076.92,147230.78,145769.23,145846.16,85735
2024052111,145846.16,146461.55,145230.78,145538.47,50174
2024052112,145538.47,146538.47,145000.0,145076.92,68800
2024052113,145153.84,146923.08,145076.92,146923.08,63833
2024052114,146846.16,147384.62,145923.08,146461.55,87210
2024052209,152615.39,153615.39,147384.62,153000.0,877574
2024052210,153000.0,154615.39,148615.39,150000.0,536186
2024052211,150000.0,151307.7,149461.55,150538.47,89512
2024052212,150538.47,152076.92,149846.16,150769.23,89847
2024052213,150769.23,151307.7,149153.86,149769.23,93557
2024052214,149692.31,150307.7,147769.23,148076.92,182844
2024052309,147923.08,149846.16,145769.23,149384.62,232760
2024052310,149384.62,150153.86,148000.0,149461.55,82507
2024052311,149461.55,149538.47,146538.47,147230.78,87551
2024052312,147307.7,147538.47,144692.31,146000.0,126796
2024052313,146076.92,146230.78,143692.31,143692.31,187810
2024052314,143769.23,144000.0,142230.78,142692.31,164327
2024052409,141076.92,145384.62,139307.7,144846.16,389646
2024052410,144846.16,148076.92,144538.47,147769.23,212544
2024052411,147769.23,148615.39,146923.08,148230.78,128379
2024052412,148307.7,148461.55,146923.08,147461.55,59817
2024052413,147384.62,149230.78,147076.92,148692.31,125330
2024052414,148692.31,149923.08,148307.7,149846.16,170761
2024052709,148846.16,149846.16,146769.23,148076.92,0
2024052710,148076.92,148538.47,145307.7,146923.08,139269
2024052711,146923.08,147000.0,144769.23,145000.0,117665
2024052712,145076.92,146538.47,144615.39,145615.39,68562
2024052713,145692.31,146538.47,144923.08,146000.0,62774
2024052714,146153.84,146615.39,144923.08,146307.7,103879
2024052809,145230.78,147923.08,143230.78,143307.7,264339
2024052810,143615.39,146538.47,143153.84,145846.16,89712
2024052811,145846.16,146384.62,145538.47,145538.47,39442
2024052812,145538.47,145846.16,144307.7,144461.55,74048
2024052813,144461.55,145000.0,143000.0,143692.31,118251
2024052814,143692.31,143769.23,142461.55,142692.31,106523
2024052909,141538.47,144307.7,141000.0,142384.62,193160
2024052910,142384.62,142923.08,141307.7,142923.08,68827
2024052911,142846.16,143384.62,141769.23,141923.08,50299
2024052912,141923.08,143307.7,141384.62,142692.31,64218
2024052913,142692.31,143692.31,141692.31,141923.08,60597
2024052914,141923.08,142153.84,140384.62,140538.47,111069
2024053009,139153.84,145000.0,138692.31,140615.39,347136
2024053010,140615.39,142307.7,140307.7,142230.78,83736
2024053011,142230.78,142307.7,138384.62,138923.08,108812
2024053012,139000.0,139153.84,137538.47,138923.08,103385
2024053013,138923.08,140000.0,138307.7,138461.55,71355
2024053014,138384.62,139307.7,138307.7,138692.31,86424
2024053109,139923.08,141307.7,132000.0,133000.0,484030
2024053110,132923.08,134538.47,131846.16,132846.16,200737
2024053111,132769.23,135384.62,132307.7,135307.7,140654
2024053112,135230.78,135307.7,133307.7,133384.62,91915
2024053113,133384.62,139230.78,133384.62,138000.0,287509
2024053114,138000.0,138769.23,136615.39,137153.84,193430
2024060309,141538.47,145230.78,138846.16,143384.62,0
2024060310,143384.62,147538.47,142923.08,147000.0,267422
2024060311,147076.92,147923.08,146076.92,147307.7,153249
2024060312,147384.62,147692.31,145692.31,146692.31,65205
2024060313,146692.31,148769.23,145846.16,148615.39,139825
2024060314,148692.31,150923.08,148076.92,150538.47,241949
2024060409,153692.31,163461.55,153538.47,161153.86,956972
2024060410,161153.86,170769.23,160769.23,168846.16,955672
2024060411,168846.16,173076.92,167307.7,170000.0,483491
2024060412,170384.62,174615.39,168846.16,172307.7,368459
2024060413,172307.7,178076.92,171923.08,177692.31,509370
2024060414,177692.31,183461.55,172692.31,176923.08,1128597
2024060509,177307.7,183846.16,176538.47,177307.7,783746
2024060510,177307.7,184230.78,175384.62,181923.08,368820
2024060511,182307.7,182307.7,178461.55,180769.23,109315
2024060512,180769.23,181538.47,180000.0,180000.0,58482
2024060513,180000.0,185384.62,180000.0,183076.94,369019
2024060514,183076.94,186538.47,182692.31,184615.39,228974
2024060709,188461.55,198461.55,185000.0,197692.31,0
2024060710,197692.31,201923.08,195769.23,196923.08,566734
2024060711,196923.08,199615.39,195000.0,199230.78,181611
2024060712,199615.39,201923.08,198846.16,200769.23,183053
2024060713,200769.23,201923.08,198846.16,200769.23,166673
2024060714,200384.62,206153.86,200384.62,205384.62,367675
2024061009,203846.16,207692.31,195000.0,198461.55,0
2024061010,198461.55,203461.55,197692.31,200000.0,220958
2024061011,200000.0,201153.86,196538.47,196923.08,114971
2024061012,196923.08,198846.16,196153.86,196538.47,98610
2024061013,196538.47,200000.0,195000.0,196923.08,142323
2024061014,197307.7,197692.31,192307.7,194230.78,205826
2024061109,192692.31,206153.86,192692.31,203076.94,824010
2024061110,203076.94,212307.7,203076.94,211153.86,594889
2024061111,211153.86,216153.86,209230.78,213076.94,482464
2024061112,213076.94,216538.47,210384.62,216153.86,219614
2024061113,216153.86,219615.39,215384.62,217692.31,376909
2024061114,218076.94,218076.94,212692.31,215000.02,286162
2024061209,220384.62,221153.86,207692.31,210769.23,599656
2024061210,210769.23,215384.62,210384.62,210769.23,154600
2024061211,211153.86,216923.08,209615.39,216153.86,151556
2024061212,216153.86,218076.94,214230.78,215384.62,142053
2024061213,215384.62,218076.94,214230.78,215000.02,101428
2024061214,215000.02,215384.62,211153.86,212307.7,145127
2024061309,219615.39,223846.16,211153.86,214615.39,683674
2024061310,214615.39,215384.62,208461.55,212692.31,231106
2024061311,213076.94,214230.78,210000.0,210384.62,94762
2024061312,210000.0,211153.86,208076.94,208846.16,130717
2024061313,209230.78,209615.39,202692.31,206923.08,366951
2024061314,206923.08,208846.16,206153.86,207307.7,101236
2024061409,205769.23,210000.0,201538.47,207307.7,302205
2024061410,207307.7,211923.08,204230.78,204230.78,253881
2024061411,204230.78,207307.7,204230.78,206923.08,40809
2024061412,207307.7,207307.7,202307.7,202307.7,72812
2024061413,202692.31,205384.62,201538.47,203076.94,72387
2024061414,203076.94,205000.0,199615.39,201538.47,132810
2024061709,207307.7,211923.08,203076.94,204615.39,0
2024061710,205000.0,213846.16,204230.78,212307.7,237705
2024061711,212692.31,215000.02,208846.16,210769.23,144194
2024061712,210769.23,211153.86,207692.31,209230.78,68215
2024061713,209615.39,209615.39,206538.47,207307.7,60784
2024061714,207307.7,207307.7,204230.78,205769.23,81327
2024061809,207307.7,213846.16,206538.47,210384.62,305329
2024061810,210000.0,211153.86,207307.7,208076.94,75340
2024061811,208076.94,210000.0,208076.94,210000.0,30866
2024061812,209615.39,210384.62,207307.7,208461.55,51338
2024061813,208076.94,210384.62,206538.47,207307.7,58540
2024061814,206923.08,209615.39,205384.62,209230.78,84650
2024061909,211153.86,212692.31,204615.39,206923.08,283790
2024061910,207307.7,207692.31,203846.16,205000.0,114354
2024061911,204615.39,206153.86,198461.55,198846.16,204138
2024061912,199230.78,203076.94,195000.0,195384.62,184781
2024061913,195769.23,201153.86,195384.62,200000.0,132997
2024061914,199615.39,200769.23,194615.39,196153.86,161954
2024062009,196153.86,199230.78,193076.94,193846.16,212009
2024062010,194230.78,199615.39,192307.7,196923.08,199265
2024062011,196538.47,198461.55,195769.23,196153.86,40139
2024062012,196153.86,197307.7,195384.62,196538.47,30406
2024062013,196538.47,196538.47,193076.94,194230.78,61022
2024062014,193846.16,197307.7,193076.94,196923.08,97112
2024062109,201923.08,210769.23,195000.0,210000.0,525189
2024062110,209615.39,213461.55,207307.7,208846.16,350559
2024062111,208846.16,211538.47,208461.55,209615.39,80485
2024062112,210000.0,214230.78,208846.16,212307.7,146446
2024062113,212692.31,216153.86,211538.47,215769.23,212025
2024062114,215384.62,215384.62,212692.31,213846.16,118537
2024062409,220384.62,222692.31,214615.39,217307.7,0
2024062410,217692.31,219615.39,211923.08,213461.55,173387
2024062411,213076.94,216153.86,210769.23,215384.62,82378
2024062412,215384.62,219230.78,214615.39,218846.16,68459
2024062413,218461.55,226153.86,218461.55,223076.94,353349
2024062414,223461.55,223846.16,219230.78,219230.78,124354
2024062509,220384.62,223461.55,216923.08,221923.08,231681
2024062510,221923.08,222307.7,218461.55,220769.23,76893
2024062511,220384.62,220769.23,215384.62,216153.86,95505
2024062512,216153.86,218461.55,214615.39,215769.23,54016
2024062513,215769.23,218846.16,213846.16,218076.94,87045
2024062514,218461.55,225000.02,217307.7,222692.31,184568
2024062609,221538.47,223846.16,218076.94,219615.39,177236
2024062610,219615.39,221923.08,219615.39,220000.02,38564
2024062611,220000.02,220769.23,218461.55,218846.16,51248
2024062612,218846.16,221923.08,218461.55,220769.23,35053
2024062613,221153.86,221153.86,213461.55,217692.31,200311
2024062614,217307.7,221923.08,216538.47,220769.23,91469
2024062709,215000.02,229615.39,214615.39,225769.23,518933
2024062710,225769.23,226153.86,220384.62,221538.47,156098
2024062711,221538.47,221538.47,208461.55,215769.23,381883
2024062712,215384.62,220000.02,213846.16,220000.02,106341
2024062713,219615.39,221538.47,217307.7,218076.94,82155
2024062714,217692.31,219230.78,216153.86,217692.31,57991
2024062809,216923.08,218461.55,211153.86,215384.62,202099
2024062810,215384.62,215384.62,210384.62,211923.08,131014
2024062811,211538.47,220384.62,211153.86,217307.7,117720
2024062812,217692.31,218461.55,215000.02,215384.62,50137
2024062813,215384.62,218461.55,215384.62,216538.47,32132
2024062814,216538.47,218461.55,215384.62,215769.23,46833
2024070109,213461.55,216923.08,211923.08,214230.78,0
2024070110,214230.78,217692.31,213461.55,215769.23,82242
2024070111,215769.23,217307.7,214615.39,216923.08,73692
2024070112,217307.7,217307.7,213846.16,214230.78,40673
2024070113,213846.16,215384.62,212307.7,213076.94,64114
2024070114,213076.94,216923.08,211923.08,216153.86,90358
2024070209,213461.55,220384.62,208461.55,208846.16,333277
2024070210,208461.55,209230.78,200769.23,205769.23,308519
2024070211,206153.86,207692.31,204230.78,204615.39,59563
2024070212,205000.0,205769.23,201538.47,203076.94,109972
2024070213,202692.31,205769.23,197692.31,199230.78,212475
2024070214,198846.16,204615.39,196538.47,202307.7,234103
2024070309,205000.0,206538.47,199615.39,202692.31,217067
2024070310,202692.31,203846.16,198076.94,198076.94,78073
2024070311,198461.55,201538.47,198076.94,200384.62,63246
2024070312,200384.62,201923.08,198846.16,199230.78,41466
2024070313,199615.39,203846.16,199230.78,201538.47,68131
2024070314,201153.86,201923.08,198461.55,198846.16,78870
2024070409,197307.7,201538.47,193076.94,199230.78,275692
2024070410,199230.78,200384.62,196538.47,197307.7,75497
2024070411,197307.7,199615.39,194615.39,198461.55,64874
2024070412,198461.55,200384.62,197692.31,198846.16,56037
2024070413,198461.55,198846.16,195384.62,196538.47,71149
2024070414,196923.08,196923.08,195384.62,196538.47,60381
2024070509,195769.23,207307.7,195384.62,206538.47,315456
2024070510,206923.08,207307.7,201153.86,203076.94,109814
2024070511,203461.55,204615.39,201923.08,204615.39,45104
2024070512,204615.39,209230.78,204230.78,208846.16,167162
2024070513,208846.16,215000.02,208461.55,211153.86,314683
2024070514,211153.86,216153.86,210769.23,215384.62,196315
2024070809,219230.78,223846.16,213076.94,216538.47,0
2024070810,216538.47,216923.08,211923.08,214230.78,144513
2024070811,213846.16,214615.39,211538.47,213846.16,63058
2024070812,213461.55,213846.16,209615.39,210384.62,92320
2024070813,210384.62,211153.86,206923.08,210384.62,124406
2024070814,210384.62,211923.08,208461.55,208461.55,82216
2024070909,207692.31,210769.23,204615.39,205384.62,249980
2024070910,205384.62,205384.62,201923.08,203461.55,170678
2024070911,203076.94,204230.78,201923.08,202307.7,57040
2024070912,202692.31,203076.94,201153.86,201153.86,86058
2024070913,201153.86,203461.55,200769.23,202307.7,62842
2024070914,202307.7,203076.94,200000.0,200384.62,109587
2024071009,200000.0,207692.31,199230.78,205000.0,380338
2024071010,205000.0,205769.23,201923.08,202692.31,78727
2024071011,202692.31,203846.16,200000.0,203076.94,89803
2024071012,202692.31,205384.62,202307.7,204230.78,42652
2024071013,204230.78,207307.7,203461.55,206153.86,78350
2024071014,206153.86,211538.47,204230.78,209230.78,177838
2024071109,206153.86,207692.31,199230.78,199615.39,298494
2024071110,199615.39,201153.86,197307.7,200384.62,166648
2024071111,200000.0,203076.94,200000.0,203076.94,47276
2024071112,202692.31,203461.55,201538.47,202307.7,26620
2024071113,202307.7,202307.7,200384.62,201538.47,31948
2024071114,201538.47,201923.08,200384.62,200384.62,42011
2024071209,203846.16,216153.86,203076.94,205769.23,602702
2024071210,205384.62,208461.55,203076.94,206153.86,146703
2024071211,206153.86,206538.47,203461.55,203461.55,59014
2024071212,203846.16,205000.0,203461.55,203846.16,31524
2024071213,204230.78,211538.47,203461.55,209615.39,117762
2024071214,209230.78,210769.23,207307.7,209615.39,91136
2024071509,208461.55,213461.55,206153.86,209615.39,0
2024071510,209615.39,216153.86,209615.39,213846.16,227149
2024071511,213846.16,215384.62,212692.31,215384.62,61553
2024071512,215000.02,217692.31,213846.16,217307.7,124410
2024071513,217307.7,218076.94,213461.55,213461.55,90568
2024071514,213461.55,215384.62,213076.94,214230.78,58948
2024071609,215384.62,217692.31,208461.55,210000.0,272063
2024071610,209615.39,210000.0,205384.62,208461.55,165032
2024071611,208461.55,214615.39,208461.55,211153.86,104611
2024071612,211153.86,213846.16,210384.62,210769.23,47898
2024071613,210384.62,213076.94,210000.0,211153.86,53753
2024071614,211538.47,212307.7,209230.78,209615.39,57385
2024071709,209615.39,215384.62,208846.16,213076.94,194651
2024071710,213076.94,213846.16,211153.86,213846.16,48699
2024071711,213846.16,214615.39,211923.08,212307.7,38276
2024071712,212307.7,213076.94,211538.47,212692.31,20228
2024071713,212307.7,213076.94,210000.0,210769.23,42113
2024071714,210769.23,211153.86,208076.94,210000.0,73087
2024071809,208846.16,210769.23,203076.94,208461.55,166960
2024071810,208461.55,208461.55,201923.08,204615.39,147901
2024071811,205000.0,205000.0,203076.94,203076.94,27992
2024071812,203076.94,204230.78,202307.7,203076.94,30326
2024071813,203076.94,203846.16,200384.62,201538.47,115855
2024071814,201538.47,203461.55,200000.0,201153.86,80481
2024071909,202307.7,206538.47,200769.23,203461.55,141698
2024071910,203461.55,203461.55,201153.86,202307.7,29974
2024071911,202307.7,205000.0,202307.7,205000.0,27657
2024071912,204615.39,205384.62,203076.94,203461.55,25611
2024071913,203461.55,205000.0,203461.55,204615.39,20046
2024071914,204230.78,208846.16,203846.16,208461.55,122773
2024072209,208846.16,211538.47,200000.0,203076.94,0
2024072210,202692.31,204230.78,201153.86,201538.47,68753
2024072211,201923.08,203846.16,200769.23,203076.94,41890
2024072212,203076.94,203076.94,200000.0,200769.23,45658
2024072213,201153.86,202307.7,200384.62,200384.62,32168
2024072214,200384.62,202692.31,200384.62,201923.08,37428
2024072309,204615.39,223076.94,204230.78,220769.23,709017
2024072310,220769.23,222307.7,216153.86,218846.16,324288
2024072311,218846.16,220769.23,218461.55,219230.78,107659
2024072312,219230.78,220384.62,216153.86,220384.62,88500
2024072313,220384.62,222307.7,218461.55,218846.16,141462
2024072314,218846.16,220000.02,217692.31,220000.02,94247
2024072409,218846.16,228461.55,216538.47,228461.55,397099
2024072410,228461.55,235384.62,226538.47,228846.16,526523
2024072411,228846.16,233461.55,228076.94,232692.31,209144
2024072412,232692.31,233076.94,230769.23,232307.7,65158
2024072413,232307.7,233076.94,230769.23,231923.08,72398
2024072414,232307.7,234615.39,231538.47,234615.39,146469
2024072509,231153.86,234230.78,225769.23,226538.47,370718
2024072510,226538.47,226538.47,220769.23,223076.94,259246
2024072511,222692.31,223076.94,216538.47,219615.39,203208
2024072512,219615.39,223076.94,218846.16,218846.16,82385
2024072513,219230.78,221538.47,217692.31,221538.47,72648
2024072514,221153.86,221538.47,215000.02,215384.62,188239
2024072609,216153.86,223461.55,212307.7,220769.23,412734
2024072610,221153.86,224615.39,219615.39,223076.94,115768
2024072611,223461.55,224615.39,220769.23,221538.47,54875
2024072612,221923.08,222692.31,220000.02,220769.23,39248
2024072613,221153.86,221153.86,218076.94,218846.16,62624
2024072614,218846.16,219615.39,216923.08,217307.7,56597
2024072909,221923.08,224230.78,217692.31,219615.39,0
2024072910,219615.39,220000.02,216538.47,218076.94,65890
2024072911,218461.55,223076.94,218076.94,221923.08,70087
2024072912,221923.08,225384.62,221153.86,224230.78,82264
2024072913,223846.16,225384.62,223076.94,223461.55,53526
2024072914,223846.16,225384.62,222692.31,225000.02,59885
2024073009,227692.31,231538.47,221538.47,223461.55,239885
2024073010,223461.55,228461.55,222692.31,227692.31,65004
2024073011,228076.94,238846.16,217307.7,236538.47,692839
2024073012,236923.08,240769.23,233076.94,238461.55,448320
2024073013,238461.55,246153.86,238076.94,243076.94,476528
2024073014,243076.94,246153.86,241923.08,245384.62,235712
2024073109,247307.7,251923.09,242692.31,250000.02,561196
2024073110,250000.02,252692.31,245000.02,246923.09,166502
2024073111,246923.09,248846.16,243076.94,243461.55,96886
2024073112,243461.55,248846.16,242307.7,247692.31,80188
2024073113,248076.94,248076.94,237307.7,239230.78,240785
2024073114,239230.78,243846.16,237692.31,242692.31,124136
2024080109,241153.86,247307.7,239615.39,246153.86,244271
2024080110,246153.86,246923.09,240769.23,243076.94,80646
2024080111,243076.94,244615.39,242307.7,242692.31,31913
2024080112,242692.31,243461.55,241153.86,242692.31,30417
2024080113,242692.31,246923.09,241923.08,245769.23,65172
2024080114,245769.23,250769.23,244615.39,246153.86,147930
2024080209,238461.55,243076.94,233076.94,233076.94,417839
2024080210,233076.94,234615.39,232307.7,233076.94,110259
2024080211,232692.31,233461.55,230000.02,231923.08,117781
2024080212,232307.7,232307.7,229230.78,231923.08,77554
2024080213,231538.47,231923.08,228461.55,229615.39,68377
2024080214,229615.39,231538.47,227307.7,227307.7,92299
2024080509,221538.47,227307.7,218461.55,219230.78,0
2024080510,219230.78,220000.02,213076.94,216923.08,279053
2024080511,216538.47,218846.16,214615.39,215384.62,98191
2024080512,215384.62,216538.47,212692.31,213846.16,108813
2024080513,213846.16,216153.86,210384.62,210769.23,156905
2024080514,209615.39,210000.0,191923.08,202692.31,623800
2024080609,214230.78,226153.86,210000.0,224230.78,941824
2024080610,224615.39,226538.47,216153.86,224230.78,340951
2024080611,224230.78,224615.39,194230.78,195384.62,590795
2024080612,195384.62,215000.02,186153.86,211153.86,838659
2024080613,211153.86,218461.55,210384.62,215000.02,182616
2024080614,215000.02,217307.7,213076.94,214615.39,143942
2024080709,214230.78,221538.47,213461.55,218846.16,286532
2024080710,219230.78,222692.31,216923.08,222307.7,169048
2024080711,221923.08,224615.39,220000.02,222307.7,109146
2024080712,222307.7,223846.16,219615.39,220000.02,58519
2024080713,220000.02,223461.55,220000.02,221538.47,58671
2024080714,221153.86,223461.55,219230.78,220384.62,88526
2024080809,214230.78,221153.86,213076.94,218461.55,274098
2024080810,218461.55,226538.47,216923.08,225769.23,212994
2024080811,225769.23,227307.7,223846.16,226538.47,160088
2024080812,226538.47,230384.62,226153.86,226923.08,159368
2024080813,227307.7,230384.62,225769.23,227307.7,112783
2024080814,227307.7,229615.39,226538.47,228461.55,69135
2024080909,231538.47,236153.86,229615.39,231153.86,291757
2024080910,231153.86,239230.78,230000.02,238076.94,252330
2024080911,238076.94,238846.16,236923.08,237692.31,58514
2024080912,237692.31,241538.47,236923.08,239615.39,111772
2024080913,239230.78,240769.23,232692.31,233846.16,147225
2024080914,233846.16,235769.23,233076.94,234615.39,71160
2024081209,236538.47,239615.39,232307.7,233076.94,0
2024081210,232692.31,237307.7,231153.86,236923.08,98580
2024081211,237307.7,237692.31,234230.78,234615.39,31193
2024081212,234615.39,235000.02,232307.7,233076.94,38875
2024081213,233076.94,233076.94,231153.86,233076.94,68859
2024081214,233076.94,234615.39,232692.31,234615.39,38073
2024081309,231153.86,232307.7,221538.47,225384.62,300152
2024081310,225000.02,225769.23,221538.47,225000.02,124501
2024081311,225000.02,225384.62,221538.47,222692.31,77059
2024081312,222307.7,223076.94,220384.62,220769.23,72179
2024081313,220384.62,225769.23,220000.02,223846.16,90531
2024081314,223846.16,226153.86,223076.94,224615.39,63600
2024081409,227307.7,228846.16,223076.94,223846.16,129117
2024081410,224230.78,227692.31,223846.16,226153.86,53487
2024081411,226153.86,226153.86,223846.16,225000.02,36983
2024081412,224615.39,225000.02,223076.94,223846.16,28643
2024081413,223846.16,227692.31,223076.94,223846.16,85444
2024081414,224230.78,224615.39,223461.55,224230.78,37385
2024081609,226153.86,229615.39,223076.94,229230.78,0
2024081610,229230.78,230769.23,227307.7,228076.94,102381
2024081611,228076.94,229615.39,227307.7,228076.94,24912
2024081612,228076.94,229230.78,225000.02,226923.08,79297
2024081613,227307.7,229615.39,226923.08,228076.94,45960
2024081614,228076.94,232692.31,228076.94,230769.23,106454
2024081909,229230.78,231923.08,226923.08,228846.16,0
2024081910,228846.16,232307.7,227307.7,231923.08,64572
2024081911,231538.47,233461.55,231153.86,232307.7,45535
2024081912,231923.08,233846.16,231538.47,232307.7,34681
2024081913,232307.7,233461.55,230769.23,231923.08,40763
2024081914,231538.47,232307.7,229615.39,230384.62,47843
2024082009,235769.23,241923.08,232692.31,239230.78,382853
2024082010,239615.39,241153.86,233846.16,237307.7,149778
2024082011,237692.31,237692.31,235384.62,235769.23,38992
2024082012,235769.23,236153.86,231923.08,232307.7,69266
2024082013,231923.08,232307.7,229615.39,231923.08,74040
2024082014,231923.08,233461.55,231538.47,231923.08,40924
2024082109,231153.86,235000.02,228846.16,229230.78,104083
2024082110,229230.78,230000.02,225384.62,226923.08,102547
2024082111,226923.08,228076.94,225000.02,226923.08,48234
2024082112,226923.08,231153.86,225384.62,225384.62,28732
2024082113,225769.23,225769.23,222307.7,223076.94,113405
2024082114,222692.31,226538.47,222307.7,222692.31,66487
2024082209,221538.47,224230.78,214230.78,218076.94,250526
2024082210,217692.31,223076.94,217307.7,222307.7,87582
2024082211,222692.31,223461.55,219615.39,221538.47,30801
2024082212,221153.86,221538.47,217692.31,218076.94,35027
2024082213,218076.94,219230.78,216153.86,217307.7,48274
2024082214,217307.7,218076.94,213846.16,213846.16,131623
2024082309,220000.02,229615.39,218846.16,227307.7,212610
2024082310,227307.7,232307.7,226923.08,230000.02,187101
2024082311,230384.62,234230.78,228461.55,234230.78,120840
2024082312,233846.16,238076.94,232692.31,237307.7,168619
2024082313,237307.7,240769.23,235384.62,239230.78,214011
2024082314,239230.78,243461.55,237307.7,243461.55,223301
2024082609,240384.62,243461.55,236923.08,240000.02,0
2024082610,240000.02,240384.62,233846.16,237692.31,114772
2024082611,237307.7,239230.78,235769.23,238846.16,30294
2024082612,238846.16,239230.78,236538.47,238076.94,30435
2024082613,238076.94,239230.78,237307.7,238461.55,27009
2024082614,238461.55,239230.78,237692.31,238461.55,37630
2024082709,240384.62,241923.08,235769.23,236538.47,121848
2024082710,236923.08,243846.16,236538.47,242307.7,110332
2024082711,242307.7,242692.31,239615.39,241538.47,38585
2024082712,241538.47,241923.08,240384.62,240769.23,18153
2024082713,241153.86,249230.78,240000.02,248846.16,175892
2024082714,248846.16,255000.02,243076.94,243846.16,426351
2024082809,247307.7,247692.31,241538.47,242692.31,180960
2024082810,242692.31,248461.55,242307.7,246923.09,95117
2024082811,246538.47,250000.02,245384.62,248846.16,117039
2024082812,248461.55,249615.39,246153.86,248846.16,70691
2024082813,249230.78,249230.78,243846.16,246538.47,122073
2024082814,246153.86,246538.47,243846.16,245000.02,74004
2024082909,248461.55,251538.47,243461.55,245000.02,258530
2024082910,245000.02,247692.31,243846.16,245000.02,65459
2024082911,244615.39,245384.62,242692.31,244230.78,59201
2024082912,244230.78,244230.78,238461.55,239230.78,138597
2024082913,238846.16,245000.02,238461.55,242307.7,76971
2024082914,242307.7,243076.94,240769.23,241923.08,45480
2024083009,243076.94,245769.23,240384.62,244230.78,120593
2024083010,244230.78,244615.39,237692.31,239230.78,153445
2024083011,239230.78,239615.39,235000.02,235384.62,115524
2024083012,235769.23,242692.31,235000.02,241153.86,74674
2024083013,241153.86,244615.39,240769.23,243461.55,57012
2024083014,243461.55,247307.7,243076.94,245000.02,117573
2024090209,246153.86,246923.09,241923.08,246153.86,0
2024090210,246153.86,246923.09,238846.16,239615.39,137162
2024090211,239615.39,241923.08,239615.39,241538.47,29675
2024090212,241153.86,241538.47,238846.16,239230.78,42389
2024090213,239615.39,244230.78,238846.16,243846.16,51980
2024090214,243846.16,245384.62,242307.7,244615.39,57956
2024090309,246923.09,257692.31,244230.78,249615.39,459624
2024090310,249230.78,252692.31,248076.94,252692.31,81437
2024090311,252692.31,254615.39,251153.86,253076.94,88586
2024090312,253076.94,255000.02,250769.23,251923.09,74617
2024090313,251923.09,253461.55,251153.86,252692.31,42026
2024090314,252692.31,253076.94,248846.16,249230.78,86251
2024090409,240000.02,245000.02,236153.86,241153.86,394460
2024090410,240769.23,242307.7,239230.78,241923.08,74698
2024090411,241923.08,241923.08,240769.23,241538.47,28293
2024090412,241538.47,241538.47,238461.55,238461.55,57886
2024090413,238461.55,241923.08,238076.94,239230.78,90527
2024090414,239230.78,239615.39,236923.08,238461.55,120234
2024090509,236538.47,237692.31,229615.39,237307.7,245467
2024090510,237307.7,238076.94,230769.23,231153.86,120701
2024090511,230769.23,231923.08,226923.08,229230.78,155649
2024090512,229230.78,231538.47,226923.08,227307.7,97055
2024090513,227307.7,229615.39,224615.39,225000.02,136590
2024090514,225000.02,238846.16,225000.02,237692.31,173733
2024090609,231153.86,235000.02,226538.47,226923.08,162268
2024090610,226538.47,230000.02,225000.02,228846.16,118953
2024090611,228846.16,232307.7,228846.16,230384.62,51107
2024090612,230769.23,235769.23,230384.62,233461.55,70754
2024090613,233461.55,235384.62,231923.08,234230.78,85802
2024090614,234230.78,235000.02,231923.08,233461.55,54486
2024090909,224615.39,232307.7,223461.55,228461.55,0
2024090910,228076.94,231923.08,228076.94,231538.47,42546
2024090911,231538.47,232692.31,230000.02,230769.23,48920
2024090912,230769.23,231923.08,230769.23,230769.23,20954
2024090913,230769.23,237307.7,230769.23,235384.62,78922
2024090914,235384.62,235769.23,232307.7,234230.78,50549
2024091009,236153.86,238461.55,232692.31,233846.16,156218
2024091010,233461.55,235384.62,233461.55,234230.78,33587
2024091011,234615.39,236923.08,232692.31,236538.47,51841
2024091012,236923.08,236923.08,233076.94,233846.16,25517
2024091013,233461.55,234615.39,231923.08,234615.39,50045
2024091014,234230.78,235384.62,232307.7,235000.02,44421
2024091109,233076.94,243461.55,232307.7,238846.16,288833
2024091110,238846.16,241923.08,236538.47,237692.31,100078
2024091111,237307.7,239230.78,236923.08,238461.55,23664
2024091112,238461.55,239230.78,237692.31,238461.55,17236
2024091113,238461.55,238846.16,234615.39,235769.23,56594
2024091114,235769.23,236923.08,234615.39,235000.02,47267
2024091209,237692.31,241538.47,236153.86,239230.78,134487
2024091210,239230.78,239230.78,236538.47,238461.55,40320
2024091211,238461.55,239230.78,237692.31,238846.16,20946
2024091212,238846.16,239230.78,237692.31,238076.94,21473
2024091213,238076.94,238846.16,237307.7,238076.94,20294
2024091214,238461.55,245000.02,238461.55,244230.78,222355
2024091309,246153.86,250384.62,243846.16,246153.86,192288
2024091310,246153.86,247307.7,245000.02,245000.02,34889
2024091311,245000.02,245769.23,244615.39,245769.23,21466
2024091312,245384.62,246923.09,244615.39,245000.02,27872
2024091313,245000.02,246923.09,243461.55,244615.39,42789
2024091314,244615.39,246923.09,244615.39,245769.23,49269
2024091909,248076.94,269230.78,247692.31,266538.47,514947
2024091910,266153.84,266538.47,259615.39,260769.23,164372
2024091911,260769.23,264615.41,260769.23,264230.78,73947
2024091912,263846.16,265384.62,263461.56,265384.62,51067
2024091913,265000.0,267692.31,263076.94,266538.47,138866
2024091914,266538.47,269230.78,266153.84,267692.31,133101
2024092009,266923.09,278846.16,266153.84,277692.31,397966
2024092010,277307.69,279615.41,273846.16,276538.47,127013
2024092011,276153.84,277692.31,275769.25,276538.47,48473
2024092012,276153.84,277307.69,275384.62,276538.47,46166
2024092013,276923.09,278076.94,275769.25,277307.69,74484
2024092014,276923.09,279230.78,276153.84,276538.47,96156
2024092309,275769.25,277307.69,269230.78,271153.84,0
2024092310,270769.25,271923.09,267692.31,270769.25,67201
2024092311,270769.25,271923.09,269615.41,271538.47,22385
2024092312,271538.47,271538.47,270384.62,271153.84,18052
2024092313,271538.47,272307.69,270769.25,270769.25,25872
2024092314,270769.25,271538.47,268461.56,269615.41,46443
2024092409,268461.56,270384.62,261153.86,265769.25,145705
2024092410,265384.62,270000.0,265000.0,268076.94,36626
2024092411,268076.94,272307.69,266538.47,271538.47,32576
2024092412,271923.09,273461.56,270384.62,273076.94,38577
2024092413,273076.94,273461.56,271538.47,271538.47,22075
2024092414,271538.47,273076.94,269230.78,270769.25,33234
2024092509,271153.84,271153.84,265384.62,265769.25,97302
2024092510,265769.25,267307.69,263846.16,265384.62,45669
2024092511,265384.62,265384.62,263846.16,263846.16,28754
2024092512,263846.16,265384.62,262692.31,262692.31,25596
2024092513,262692.31,263846.16,260384.62,260769.23,76926
2024092514,260384.62,260769.23,248461.55,249230.78,204890
2024092609,251923.09,258461.55,251538.47,256153.86,147648
2024092610,256153.86,256538.47,254230.78,256153.86,34772
2024092611,255769.23,256153.86,253846.16,254230.78,25155
2024092612,254230.78,260384.62,254230.78,260000.02,28017
2024092613,259615.39,263076.94,258846.16,260769.23,61787
2024092614,260384.62,261153.86,258846.16,260000.02,30284
2024092709,262307.69,262692.31,255000.02,257692.31,73467
2024092710,257307.7,260384.62,255769.23,259615.39,23200
2024092711,259230.78,261538.47,259230.78,259230.78,11589
2024092712,259230.78,259615.39,257692.31,258076.94,9433
2024092713,258076.94,258461.55,256153.86,256538.47,15930
2024092714,256538.47,258076.94,255000.02,255384.62,30209
2024093009,256538.47,257307.7,250000.02,252692.31,0
2024093010,252692.31,256538.47,251923.09,253076.94,27918
2024093011,253076.94,255000.02,251153.86,253846.16,15597
2024093012,253846.16,259230.78,253846.16,258076.94,25087
2024093013,258076.94,258846.16,253846.16,253846.16,22828
2024093014,253846.16,255384.62,252692.31,253461.55,31158
2024100209,248846.16,253076.94,248846.16,251923.09,0
2024100210,251923.09,255384.62,251538.47,255384.62,26835
2024100211,255384.62,260000.02,254615.39,257692.31,58815
2024100212,257307.7,260769.23,256923.09,258846.16,22284
2024100213,258846.16,259230.78,256538.47,258076.94,18743
2024100214,258076.94,259615.39,257307.7,257307.7,18562
2024100409,259615.39,270000.0,257307.7,269615.41,0
2024100410,269230.78,270000.0,268461.56,269230.78,42359
2024100411,269230.78,271538.47,269230.78,271153.84,42091
2024100412,271538.47,272692.31,268846.16,271538.47,53411
2024100413,271538.47,272307.69,270769.25,271538.47,21517
2024100414,271538.47,272307.69,270000.0,271923.09,32984
2024100709,273846.16,278461.56,271538.47,275769.25,0
2024100710,276153.84,276153.84,273846.16,275384.62,28474
2024100711,275384.62,275769.25,273846.16,275384.62,17475
2024100712,275384.62,278076.94,275000.0,277307.69,32246
2024100713,277692.31,277692.31,275384.62,276153.84,23530
2024100714,276153.84,277692.31,275769.25,276923.09,31628
2024100809,271538.47,278846.16,270769.25,278076.94,106166
2024100810,278076.94,278461.56,276538.47,278461.56,31205
2024100811,278461.56,281538.47,277692.31,280384.62,54689
2024100812,280384.62,285384.62,279615.41,283076.94,81184
2024100813,283076.94,285000.0,281538.47,281923.09,46969
2024100814,281923.09,284230.78,280000.0,283076.94,57196
2024101009,281923.09,292692.31,281923.09,286923.09,0
2024101010,286923.09,287307.69,279615.41,283846.16,78333
2024101011,283846.16,284615.41,282692.31,283846.16,19860
2024101012,283846.16,286538.47,283846.16,285769.25,16978
2024101013,286153.84,286538.47,283461.56,285384.62,25604
2024101014,285384.62,287307.69,284230.78,286923.09,40437
2024101109,292307.69,295769.25,286923.09,292692.31,230856
2024101110,292307.69,292692.31,288461.56,288461.56,51055
2024101111,288846.16,291538.47,288076.94,291153.84,29884
2024101112,291538.47,295000.0,289615.41,294230.78,45955
2024101113,294615.41,298846.16,293076.94,297307.72,129522
2024101114,297307.72,298461.56,295384.62,296923.09,55520
2024101409,300000.0,300000.0,285769.25,286153.84,0
2024101410,286153.84,292692.31,283461.56,290769.25,115368
2024101411,290769.25,291923.09,287307.69,287307.69,27996
2024101412,287307.69,288846.16,286538.47,287692.31,23684
2024101413,287307.69,290769.25,287307.69,289230.78,24618
2024101414,289230.78,292307.69,288846.16,290769.25,33551
2024101509,288461.56,296538.47,287307.69,296153.84,115385
2024101510,296153.84,297307.72,293846.16,295384.62,37794
2024101511,295769.25,295769.25,290769.25,290769.25,31401
2024101512,291153.84,296153.84,290769.25,295769.25,26583
2024101513,295384.62,298076.94,295000.0,296923.09,51578
2024101514,296923.09,299615.41,296538.47,297307.72,64368
2024101609,294230.78,297692.31,292692.31,295384.62,66493
2024101610,295384.62,298461.56,294615.41,297692.31,27446
2024101611,297692.31,297692.31,293846.16,295000.0,29882
2024101612,295000.0,296153.84,293076.94,293461.56,28478
2024101613,293461.56,300769.25,293461.56,298846.16,56028
2024101614,299230.78,300000.0,296923.09,297307.72,34861
2024101709,296538.47,296923.09,288076.94,295384.62,113491
2024101710,295769.25,298076.94,294615.41,295769.25,40217
2024101711,296153.84,298846.16,295384.62,298076.94,27219
2024101712,298076.94,298076.94,296153.84,297307.72,16082
2024101713,297692.31,298076.94,295384.62,296538.47,12723
2024101714,296923.09,296923.09,294615.41,295000.0,21496
2024101809,292692.31,301153.84,291923.09,295000.0,130459
2024101810,294615.41,299230.78,294615.41,298461.56,55740
2024101811,298461.56,300769.25,297692.31,300000.0,51126
2024101812,300000.0,300000.0,297307.72,298076.94,29870
2024101813,298076.94,298461.56,293846.16,296153.84,49382
2024101814,295769.25,297692.31,295000.0,295769.25,23344
2024102109,296538.47,297692.31,290384.62,293846.16,0
2024102110,293846.16,298461.56,293076.94,298076.94,54334
2024102111,298076.94,300769.25,297307.72,300000.0,53352
2024102112,300769.25,306153.84,300000.0,305000.0,110995
2024102113,305000.0,305769.25,302307.72,303461.56,42898
2024102114,303461.56,306923.09,303076.94,306538.47,62795
2024102209,307307.72,309230.78,298076.94,299615.41,194927
2024102210,300000.0,302307.72,297692.31,300384.62,53036
2024102211,300000.0,300769.25,298461.56,298846.16,39443
2024102212,299230.78,299230.78,292692.31,295000.0,103774
2024102213,295000.0,297307.72,294615.41,295384.62,31640
2024102214,295769.25,296923.09,293846.16,295000.0,43381
2024102309,292307.69,295000.0,288076.94,291538.47,137546
2024102310,291538.47,292307.69,283076.94,290000.0,142193
2024102311,290384.62,291923.09,287307.69,290769.25,30627
2024102312,290769.25,291923.09,288461.56,288461.56,16605
2024102313,288461.56,291923.09,287692.31,289615.41,40632
2024102314,289615.41,298076.94,288461.56,296153.84,122026
2024102409,288461.56,298846.16,287307.69,295769.25,127226
2024102410,295769.25,301153.84,294615.41,301153.84,75772
2024102411,300769.25,303461.56,300384.62,301538.47,60365
2024102412,301923.09,301923.09,297307.72,297692.31,22399
2024102413,297307.72,298076.94,295000.0,297692.31,34006
2024102414,298076.94,298076.94,294230.78,295000.0,25171
2024102509,293461.56,296153.84,290000.0,291538.47,72228
2024102510,291538.47,292307.69,289230.78,289615.41,44934
2024102511,289615.41,291153.84,288461.56,289615.41,23523
2024102512,289230.78,292307.69,289230.78,289615.41,20225
2024102513,289230.78,291153.84,288846.16,288846.16,16290
2024102514,288846.16,289230.78,285384.62,288076.94,81466
2024102809,288076.94,301153.84,288076.94,293076.94,0
2024102810,292307.69,296153.84,291538.47,291538.47,39523
2024102811,291923.09,291923.09,288846.16,289230.78,36225
2024102812,289230.78,292692.31,289230.78,289615.41,25240
2024102813,289615.41,291538.47,286923.09,291538.47,41145
2024102814,291538.47,295384.62,290769.25,293076.94,43997
2024102909,293846.16,301153.84,292692.31,295000.0,178169
2024102910,295000.0,295769.25,288461.56,290384.62,77511
2024102911,290769.25,291923.09,290000.0,290769.25,16561
2024102912,290769.25,294615.41,290384.62,294230.78,22534
2024102913,294615.41,294615.41,290384.62,290769.25,21031
2024102914,290769.25,298846.16,290769.25,296538.47,77727
2024103009,296923.09,298076.94,292307.69,293076.94,84583
2024103010,293461.56,295384.62,291538.47,292692.31,52471
2024103011,292307.69,293461.56,291923.09,292307.69,16190
2024103012,292307.69,296153.84,291153.84,295000.0,33618
2024103013,294615.41,295000.0,290000.0,291153.84,38827
2024103014,291153.84,294230.78,291153.84,292307.69,25999
2024103109,289615.41,294230.78,285384.62,293461.56,81078
2024103110,293461.56,294615.41,291153.84,291923.09,36091
2024103111,291923.09,293461.56,290384.62,292692.31,23441
2024103112,292307.69,292692.31,290000.0,290384.62,14245
2024103113,290384.62,290769.25,287307.69,289230.78,34889
2024103114,289230.78,291538.47,288076.94,290384.62,23794
2024110109,290000.0,294615.41,279615.41,280000.0,179269
2024110110,280000.0,281923.09,277307.69,279615.41,87872
2024110111,279615.41,283846.16,279230.78,282692.31,26868
2024110112,282307.69,284615.41,281923.09,282692.31,26007
2024110113,283076.94,283076.94,279615.41,280384.62,30784
2024110114,280384.62,281153.84,277692.31,277692.31,57209
2024110409,271538.47,288461.56,266153.84,284230.78,0
2024110410,284230.78,295769.25,282692.31,293846.16,253173
2024110411,293846.16,298076.94,293846.16,297692.31,108546
2024110412,297692.31,301538.47,296923.09,301538.47,122571
2024110413,301153.84,305384.62,301153.84,303846.16,142367
2024110414,304230.78,304615.41,297307.72,298461.56,102536
2024110509,300384.62,301923.09,294230.78,294230.78,145317
2024110510,294615.41,299615.41,292692.31,297307.72,62770
2024110511,297307.72,298076.94,295769.25,295769.25,14226
2024110512,295769.25,296153.84,293846.16,294615.41,23403
2024110513,294615.41,295000.0,292692.31,293461.56,33364
2024110514,293461.56,293846.16,291153.84,292307.69,60188
2024110609,296153.84,306923.09,293076.94,300000.0,214625
2024110610,300384.62,301923.09,298846.16,299615.41,25942
2024110611,299615.41,300384.62,296538.47,296538.47,36791
2024110612,296538.47,298076.94,292307.69,296538.47,62962
2024110613,296538.47,297692.31,293846.16,297307.72,47968
2024110614,296923.09,303076.94,296153.84,300000.0,90694
2024110709,301153.84,301923.09,287307.69,288076.94,226349
2024110710,288076.94,293076.94,284615.41,290769.25,150198
2024110711,291153.84,291153.84,288461.56,291153.84,40575
2024110712,291538.47,296538.47,291153.84,295769.25,52715
2024110713,296153.84,297307.72,293846.16,296153.84,42864
2024110714,295769.25,296538.47,292692.31,292692.31,34527
2024110809,298846.16,305384.62,295384.62,303076.94,224465
2024110810,303076.94,305384.62,300000.0,304230.78,108627
2024110811,304230.78,304615.41,300384.62,300384.62,33971
2024110812,300769.25,300769.25,298076.94,298461.56,34278
2024110813,298076.94,328461.56,297692.31,327307.72,1356512
2024110814,327307.72,341538.47,324615.41,333461.56,834766
2024111109,344615.41,350384.62,336538.47,337692.31,0
2024111110,338076.94,342692.31,336923.09,338461.56,91860
2024111111,338461.56,339230.78,336538.47,337307.72,48003
2024111112,337307.72,338076.94,336538.47,338076.94,31884
2024111113,337692.31,341153.84,337307.72,340000.0,51411
2024111114,340384.62,346538.47,339615.41,343461.56,118631
2024111209,342692.31,343461.56,336538.47,339615.41,167153
2024111210,340000.0,342692.31,337307.72,342307.72,64201
2024111211,342307.72,344230.78,338076.94,338846.16,59654
2024111212,338846.16,339230.78,336923.09,339230.78,47905
2024111213,339230.78,340384.62,337692.31,338076.94,47299
2024111214,338076.94,338846.16,331538.47,333076.94,108999
2024111309,345000.0,347692.31,325000.0,325384.62,407746
2024111310,325000.0,327307.72,315384.62,324230.78,346931
2024111311,324230.78,327307.72,320769.25,321923.09,59190
2024111312,322307.72,327692.31,321923.09,326153.84,53666
2024111313,325769.25,331923.09,323076.94,330000.0,82565
2024111314,330384.62,330769.25,325384.62,326153.84,66706
2024111410,326923.09,341153.84,324615.41,340000.0,248330
2024111411,340000.0,348846.16,339230.78,345384.62,257260
2024111412,345000.0,346923.09,342307.72,344230.78,64342
2024111413,344230.78,346153.84,342692.31,344230.78,44201
2024111414,344230.78,346923.09,343076.94,345769.25,73635
2024111509,338846.16,345384.62,331923.09,335769.25,178671
2024111510,336153.84,341538.47,334615.41,338461.56,53172
2024111511,338076.94,340769.25,333461.56,340000.0,43684
2024111512,340000.0,341153.84,336923.09,340384.62,31351
2024111513,340769.25,340769.25,337307.72,339230.78,22446
2024111514,339230.78,342307.72,334615.41,335384.62,63425
2024111809,324615.41,326538.47,313846.16,320769.25,0
2024111810,320769.25,325769.25,319230.78,319615.41,74727
2024111811,319230.78,320769.25,316153.84,316923.09,63566
2024111812,316923.09,316923.09,311538.47,312692.31,125970
2024111813,312692.31,315769.25,310000.0,314230.78,93491
2024111814,313846.16,315769.25,311538.47,312307.72,59268
2024111909,316153.84,318846.16,307692.31,310000.0,187576
2024111910,310000.0,311923.09,301923.09,302692.31,159586
2024111911,302307.72,302692.31,290769.25,295769.25,369605
2024111912,295769.25,296538.47,291153.84,295000.0,108203
2024111913,294615.41,294615.41,284615.41,291153.84,282370
2024111914,290769.25,293076.94,286538.47,290769.25,109111
2024112009,309230.78,311153.84,288461.56,298461.56,727374
2024112010,298846.16,303461.56,295384.62,296923.09,97355
2024112011,296923.09,296923.09,291923.09,293461.56,67034
2024112012,293461.56,296153.84,291923.09,295769.25,39826
2024112013,295769.25,298846.16,295000.0,295384.62,63398
2024112014,295384.62,295769.25,278846.16,280000.0,280670
2024112109,264615.41,266538.47,214615.39,241538.47,2728823
2024112110,241153.86,258076.94,239615.39,258076.94,599550
2024112111,258076.94,260384.62,245000.02,251153.86,376762
2024112112,251153.86,271153.84,250384.62,268076.94,554872
2024112113,268461.56,280384.62,265000.0,270769.25,487219
2024112114,270384.62,270769.25,260384.62,266538.47,206385
2024112209,261538.47,267692.31,250769.23,255384.62,515155
2024112210,255384.62,260769.23,246153.86,260000.02,512795
2024112211,260384.62,261923.09,236153.86,248076.94,624191
2024112212,247692.31,252307.7,235769.23,235769.23,384157
2024112213,231538.47,236923.08,218076.94,221923.08,1094146
2024112214,222307.7,241923.08,217307.7,237692.31,1029192
2024112509,238076.94,251153.86,233846.16,241538.47,0
2024112510,241538.47,244230.78,239615.39,241923.08,142194
2024112511,242307.7,243076.94,237692.31,241538.47,132912
2024112512,241923.08,255000.02,241153.86,252692.31,363040
2024112513,252692.31,257692.31,250769.23,253076.94,321209
2024112514,253076.94,255769.23,252307.7,253846.16,116556
2024112609,257692.31,257692.31,236538.47,241923.08,590574
2024112610,241923.08,243846.16,235000.02,236153.86,235242
2024112611,236538.47,237307.7,232307.7,233076.94,191773
2024112612,233076.94,237692.31,230000.02,230769.23,207343
2024112613,230769.23,231538.47,226538.47,230000.02,238336
2024112614,230000.02,233076.94,230000.02,232307.7,135813
2024112709,230769.23,234615.39,222307.7,229230.78,519789
2024112710,229230.78,233076.94,228846.16,229230.78,106005
2024112711,228846.16,230769.23,227692.31,230384.62,56700
2024112712,230769.23,239230.78,230384.62,239230.78,187782
2024112713,238846.16,239615.39,233076.94,234615.39,168668
2024112714,235000.02,236538.47,231538.47,233076.94,77871
2024112809,240000.02,243461.55,234615.39,237307.7,373360
2024112810,237307.7,237307.7,233846.16,236153.86,85270
2024112811,236153.86,236538.47,230000.02,232692.31,117111
2024112812,232307.7,233076.94,230384.62,232692.31,43306
2024112813,232307.7,233076.94,228076.94,231923.08,105379
2024112814,231923.08,235384.62,230769.23,232692.31,78910
2024112909,233846.16,235000.02,225769.23,228846.16,234382
2024112910,229230.78,229615.39,221923.08,225384.62,161445
2024112911,225384.62,226923.08,220769.23,222692.31,132564
2024112912,222692.31,225000.02,216923.08,217692.31,175696
2024112913,217692.31,224615.39,216923.08,222307.7,161748
2024112914,222307.7,222692.31,214615.39,215769.23,258854
2024120209,218076.94,227692.31,218076.94,223076.94,0
2024120210,223076.94,232692.31,222307.7,231153.86,205594
2024120211,231153.86,231923.08,227307.7,228076.94,101880
2024120212,228076.94,228461.55,223461.55,225384.62,88456
2024120213,225384.62,230000.02,224230.78,228846.16,67538
2024120214,228846.16,235384.62,228076.94,233461.55,183896
2024120309,236538.47,252692.31,235000.02,251153.86,663934
2024120310,251153.86,251923.09,246923.09,249230.78,141372
2024120311,249615.39,250000.02,247692.31,249615.39,48296
2024120312,249615.39,250000.02,246923.09,248846.16,50243
2024120313,248461.55,250000.02,247307.7,249615.39,51164
2024120314,249615.39,252307.7,248846.16,251923.09,96311
2024120409,248461.55,253846.16,238076.94,242307.7,812717
2024120410,242307.7,243846.16,239615.39,240769.23,117070
2024120411,240769.23,242692.31,238846.16,242692.31,93264
2024120412,242692.31,248076.94,241923.08,247692.31,132508
2024120413,247692.31,249230.78,243846.16,244230.78,94032
2024120414,243846.16,245000.02,241923.08,244230.78,85140
2024120509,246923.09,247307.7,238461.55,245384.62,232582
2024120510,245384.62,246153.86,243076.94,245000.02,62553
2024120511,245000.02,249615.39,242307.7,247692.31,112620
2024120512,247692.31,247692.31,244230.78,244615.39,37913
2024120513,244615.39,245384.62,242692.31,244230.78,32902
2024120514,243846.16,244230.78,238076.94,240384.62,109334
2024120609,241538.47,241923.08,227692.31,232307.7,397192
2024120610,232692.31,232692.31,226923.08,229230.78,199059
2024120611,228846.16,237692.31,228846.16,234615.39,155885
2024120612,234230.78,235000.02,231923.08,232307.7,52145
2024120613,232307.7,236923.08,231923.08,235384.62,62646
2024120614,235384.62,240769.23,233846.16,240384.62,126424
2024120909,226923.08,231538.47,223846.16,228076.94,0
2024120910,228076.94,228076.94,225000.02,226153.86,82042
2024120911,226153.86,226538.47,220769.23,221153.86,207824
2024120912,221538.47,225384.62,221153.86,223461.55,71268
2024120913,223076.94,224230.78,222307.7,223461.55,56527
2024120914,223461.55,223461.55,215384.62,220000.02,275004
2024121009,228076.94,239230.78,226153.86,237692.31,526419
2024121010,238076.94,247307.7,236923.08,240769.23,314629
2024121011,240769.23,244230.78,240384.62,243846.16,66565
2024121012,243846.16,243846.16,240384.62,243076.94,74188
2024121013,243461.55,244230.78,241538.47,244230.78,61840
2024121014,244230.78,245769.23,243461.55,244230.78,124588
2024121109,244230.78,244230.78,236923.08,240769.23,302130
2024121110,240769.23,241923.08,238461.55,238846.16,65697
2024121111,238846.16,239230.78,235769.23,237692.31,89438
2024121112,237307.7,238076.94,236153.86,236923.08,33218
2024121113,236923.08,239230.78,235769.23,239230.78,59691
2024121114,239230.78,239230.78,236923.08,237307.7,41645
2024121209,238076.94,248846.16,236923.08,243076.94,445749
2024121210,243076.94,243846.16,239615.39,241923.08,111877
2024121211,242307.7,242307.7,236153.86,237307.7,98859
2024121212,236923.08,237692.31,235000.02,236538.47,79680
2024121213,236538.47,238461.55,235769.23,237692.31,65501
2024121214,237692.31,242307.7,236923.08,241153.86,112078
2024121309,242307.7,244230.78,236923.08,242307.7,201835
2024121310,242307.7,242307.7,239230.78,240000.02,47926
2024121311,240000.02,243846.16,238461.55,242692.31,70665
2024121312,243076.94,245000.02,242692.31,244230.78,52873
2024121313,244230.78,246538.47,243846.16,245000.02,107466
2024121314,245000.02,245769.23,242692.31,243461.55,48343
2024121609,249615.39,250000.02,242692.31,244230.78,0
2024121610,244615.39,246538.47,241923.08,244230.78,115122
2024121611,244230.78,244615.39,241923.08,242692.31,55670
2024121612,242692.31,243846.16,242307.7,242692.31,28739
2024121613,242307.7,242692.31,238846.16,240000.02,78152
2024121614,240000.02,240769.23,236538.47,236923.08,94830
2024121709,237692.31,237692.31,229615.39,232692.31,306318
2024121710,232692.31,235384.62,231153.86,233846.16,60964
2024121711,233846.16,236923.08,233461.55,234615.39,50023
2024121712,235000.02,235000.02,233076.94,234230.78,30300
2024121713,234230.78,235769.23,232307.7,233846.16,46029
2024121714,233846.16,234230.78,231153.86,232307.7,61657
2024121809,231538.47,234615.39,226923.08,230769.23,214402
2024121810,230769.23,230769.23,226153.86,227692.31,112164
2024121811,227307.7,228076.94,225769.23,226153.86,53801
2024121812,226153.86,227692.31,224615.39,225769.23,62156
2024121813,225769.23,231538.47,225384.62,230000.02,88113
2024121814,230000.02,231923.08,229230.78,230000.02,76532
2024121909,219615.39,223461.55,218461.55,218846.16,290916
2024121910,218846.16,221153.86,216923.08,220384.62,148243
2024121911,220384.62,223461.55,220384.62,223461.55,69497
2024121912,223461.55,225000.02,221538.47,222307.7,47878
2024121913,222307.7,224615.39,221923.08,223461.55,41524
2024121914,223461.55,223461.55,220384.62,221153.86,45860
2024122009,220769.23,223076.94,215384.62,218076.94,191366
2024122010,218076.94,219615.39,216923.08,217692.31,53333
2024122011,217692.31,219615.39,217307.7,218461.55,38296
2024122012,218076.94,218846.16,216538.47,216923.08,41688
2024122013,216923.08,218076.94,213076.94,215384.62,150471
2024122014,215384.62,217307.7,210769.23,213076.94,192980
2024122309,218461.55,220769.23,211923.08,216538.47,0
2024122310,216538.47,216923.08,213846.16,215769.23,90506
2024122311,215769.23,216923.08,214230.78,215384.62,46300
2024122312,215000.02,215769.23,214230.78,215384.62,55533
2024122313,215384.62,216153.86,214615.39,215000.02,108411
2024122314,215000.02,215769.23,214230.78,214615.39,107603
2024122409,215384.62,220769.23,211923.08,213461.55,393944
2024122410,213461.55,214615.39,212692.31,214615.39,77605
2024122411,214615.39,221153.86,213461.55,219230.78,349713
2024122412,219230.78,225000.02,217692.31,221538.47,278659
2024122413,221923.08,230384.62,221538.47,229230.78,386599
2024122414,229230.78,230384.62,226538.47,230000.02,154705
2024122609,231538.47,234230.78,228846.16,230384.62,0
2024122610,230384.62,230384.62,226923.08,228846.16,121048
2024122611,229230.78,235000.02,228461.55,234615.39,188654
2024122612,234230.78,234615.39,232692.31,233846.16,76725
2024122613,233846.16,234230.78,227692.31,228076.94,188804
2024122614,227692.31,229615.39,226538.47,228461.55,235006
2024122709,234615.39,239615.39,229615.39,233461.55,920811
2024122710,233461.55,239230.78,232692.31,233461.55,271965
2024122711,233846.16,233846.16,229615.39,230000.02,172561
2024122712,230000.02,232307.7,229230.78,229230.78,111494
2024122713,229230.78,231538.47,228461.55,230769.23,89390
2024122714,230384.62,235384.62,230384.62,231923.08,101243
2024123009,228461.55,243076.94,228461.55,242692.31,0
2024123010,243076.94,244615.39,241153.86,242692.31,148161
2024123011,242692.31,244230.78,241538.47,241538.47,59090
2024123012,241923.08,241923.08,239230.78,241153.86,51986
2024123013,241153.86,241923.08,238846.16,239615.39,46285
2024123014,240000.02,240384.62,238076.94,240000.02,54476
